4576261|20200824|4576261|EAPPROVAL|-5492251|13677727|1||5532267|1065031-105-KBADW|1|20200824|
4576316|20200824|4576316|APPROVAL|-5492306|13677692|2||5532312|1065034-101-NAANB|1|20200824|
4576315|20200824|4576315|APPROVAL|-5492305|13677704|2||5532313|1065032-116-KARBB|1|20200824|
4576314|20200824|4576314|APPROVAL|-5492304|13638642|1||5532314|1065032-101-NAANE|1|20200824|
4576313|20200824|4576313|APPROVAL|-5492303|13677700|2||5532315|1065032-116-KAQAQ|1|20200824|
4576312|20200824|4576312|APPROVAL|-5492302|13677707|3||5532316|1065087-110-KAQHV|1|20200824|
4576307|20200824|4576307|APPROVAL|-5492297|13677709|3||5532317|1065032-116-KARBB|1|20200824|
4576309|20200824|4576309|APPROVAL|-5492299|13677712|2||5532318|1065032-101-NAAUS|1|20200824|
4576308|20200824|4576308|APPROVAL|-5492298|13677694|2||5532319|1065087-109-NAABC|1|20200824|
4576311|20200824|4576311|APPROVAL|-5492301|13677705|3||5532320|1065087-102-KAUSI|1|20200824|
4576306|20200824|4576306|APPROVAL|-5492296|13677698|2||5532321|1065034-105-AALIB|1|20200824|
4576317|20200824|4576317|APPROVAL|-5492307|13677710|2||5532322|1065032-116-KARBB|1|20200824|
4576318|20200824|4576318|APPROVAL|-5492308|13677693|3||5532323|1065032-116-KAQIX|1|20200824|
4576330|20200824|4576330|APPROVAL|-5492320|13677702|3||5532324|1065087-110-KAQHV|1|20200824|
4576329|20200824|4576329|APPROVAL|-5492319|13677713|2||5532325|1065032-116-KATHP|1|20200824|
4576328|20200824|4576328|APPROVAL|-5492318|13677714|2||5532326|1065034-107-AALIB|1|20200824|
4576327|20200824|4576327|APPROVAL|-5492317|13677703|3||5532327|1065087-104-KARZU|1|20200824|
4576326|20200824|4576326|APPROVAL|-5492316|13677696|2||5532328|1065032-116-KARHS|1|20200824|
4576325|20200824|4576325|APPROVAL|-5492315|13677697|2||5532329|1065034-105-AALIB|1|20200824|
4576324|20200824|4576324|APPROVAL|-5492314|13677695|2||5532330|1065032-116-KATHP|1|20200824|
4576323|20200824|4576323|APPROVAL|-5492313|13677699|3||5532331|1065032-116-KARJA|1|20200824|
4576322|20200824|4576322|APPROVAL|-5492312|13677715|2||5532332|1065032-116-KARBB|1|20200824|
4576321|20200824|4576321|APPROVAL|-5492311|13677711|2||5532333|1065087-113-KARJW|1|20200824|
4576320|20200824|4576320|APPROVAL|-5492310|13677708|3||5532334|1065087-104-KAUNI|1|20200824|
4576319|20200824|4576319|APPROVAL|-5492309|13677706|3||5532335|1065087-110-KAQHV|1|20200824|
4576310|20200824|4576310|APPROVAL|-5492300|13677701|2||5532336|1065034-101-KAVLV|1|20200824|
4534856|20200728|4534856|FIRM|-5449432|13651557|1|KK|5532346|1065034-104-AALIB|1|20200822|
4534915|20200805|4534915|FIRM|-5449491|13668291|1|JMC|5532353|1065087-105-AALIB|1|20200822|
4535007|20200815|4535007|FIRM|-5449583|13675470|1|BLS|5532354|1065032-101-KATIH|1|20200822|
4535008|20200815|4535008|FIRM|-5449584|13675471|1|BLS|5532355|1065032-101-KAQVT|1|20200822|
4535037|20200818|4535037|FIRM|-5449613|13676320|1|JC|5532356|1065032-123-AALIB|1|20200822|
4534949|20200806|4534949|FIRM|-5449525|13668735|1|JMC|5532357|1065087-105-AALIB|1|20200822|
4534939|20200806|4534939|FIRM|-5449515|13668725|1|JMC|5532358|1065087-105-AALIB|1|20200822|
4534731|20200626|4534731|FIRM|-5449307|13617557|1|BLS|5532359|1065032-101-KAQOD|1|20200822|
4534892|20200805|4534892|FIRM|-5449468|13668268|1|JMC|5532360|1065087-105-AALIB|1|20200822|
4534989|20200814|4534989|FIRM|-5449565|13674932|1|RHW|5532361|1065032-116-AALIB|1|20200822|
4534941|20200806|4534941|FIRM|-5449517|13668727|1|BLS|5532362|1065032-101-KAQOD|1|20200822|
4534942|20200806|4534942|FIRM|-5449518|13668728|1|JMC|5532363|1065087-105-AALIB|1|20200822|
4534976|20200808|4534976|FIRM|-5449552|13669873|1|JMC|5532364|1065087-105-AALIB|1|20200822|
4534977|20200808|4534977|FIRM|-5449553|13669874|1|JMC|5532365|1065087-105-AALIB|1|20200822|
4534897|20200805|4534897|FIRM|-5449473|13668273|1|BLS|5532366|1065032-101-KBBML|1|20200822|
4534774|20200709|4534774|FIRM|-5449350|13633760|1|AGC|5532373|1065032-105-AALIB|1|20200822|
4534833|20200723|4534833|FIRM|-5449409|13639228|1|KAK|5532378|1065087-101-AALIB|1|20200822|
4534848|20200728|4534848|FIRM|-5449424|13651549|1|SBS|5532379|1065032-119-AALIB|1|20200822|
4534857|20200728|4534857|FIRM|-5449433|13651558|1|MLN|5532380|1065089-101-AALIB|1|20200822|
4534858|20200728|4534858|FIRM|-5449434|13651559|1|MLN|5532381|1065089-101-AALIB|1|20200822|
4534832|20200723|4534832|FIRM|-5449408|13639227|1|RHW|5532382|1065087-108-KAQTU|1|20200822|
4534836|20200725|4534836|FIRM|-5449412|13640424|1|RHW|5532383|1065087-108-KAQTU|1|20200822|
4534773|20200709|4534773|FIRM|-5449349|13633759|1|AGC|5532384|1065032-115-AALIB|1|20200822|
4576346|20200824|4576346|SHIPPING|-5083455|5480334|1||5532638|1065084-101-AALIB|1|20200824|
4576346|20200824|4576346|SHIPPING|-5083455|5480334|1||5532667|1065084-101-AALIB|1|20200824|
4533804|20200721|4533804|FIRM|-5448380|13638639|1|CRP|5533524|1065031-105-KARVO|1|20200822|
4577000|20200826|4577000|APPROVAL|-5493240|13675246|2||5533599|1065032-106-AALIB|1|20200826|
4576999|20200826|4576999|APPROVAL|-5493239|13675247|2||5533600|1065032-106-AALIB|1|20200826|
4577043|20200826|4577043|SHIPPING|-5074670|8533921|1||5533843|1065084-101-AALIB|1|20200826|
4577043|20200826|4577043|SHIPPING|-5074670|8533921|1||5533938|1065084-101-AALIB|1|20200826|
4543292|19970830|4543292|STANDING|-5494054|13680315|2||5534812|1065087-105-AALIB|1|20200831|
4577043|20200826|4577043|SHIPPING|-5074670|8533921|1||5535052|1065084-101-AALIB|1|20200831|
4577740|20200901|4577740|APPROVAL|-5494389|13681319|3||5535254|1065032-116-KAQAQ|1|20200901|
4534963|20200807|4534963|FIRM|-5449539|13669121|1|LAS|5535380|1065089-105-AALIB|1|20200822|
4576346|20200824|4576346|SHIPPING|-5083455|5480334|1||5535432|1065084-101-AALIB|1|20200901|
4576346|20200824|4576346|SHIPPING|-5083455|5480334|1||5535526|1065084-101-AALIB|1|20200901|
4539640|20000308|4539640|STANDING|-5495031|13681933|2||5536452|1065087-105-AALIB|1|20200903|
4539589|19971204|4539589|STANDING|-5495032|13681934|2||5536453|1065032-104-AALIB|1|20200903|
4539671|20010718|4539671|STANDING|-5495033|13681935|2||5536454|1065032-104-AALIB|1|20200903|
4539680|20010801|4539680|STANDING|-5495034|13681936|2||5536455|1065032-104-AALIB|1|20200903|
4578703|20200907|4578703|APPROVAL|-5495661|13683717|4||5537005|1065032-104-KAVHL|1|20200907|
4578702|20200907|4578702|APPROVAL|-5495660|13683718|2||5537006|1065032-104-AALIB|1|20200907|
4578701|20200907|4578701|APPROVAL|-5495659|13683719|2||5537007|1065032-104-AALIB|1|20200907|
4578700|20200907|4578700|APPROVAL|-5495658|13683720|2||5537008|1065032-104-KARHW|1|20200907|
4578699|20200907|4578699|APPROVAL|-5495657|13683721|2||5537009|1065032-110-AALIB|1|20200907|
4578698|20200907|4578698|APPROVAL|-5495656|13683722|2||5537010|1065032-104-KAVHL|1|20200907|
4578697|20200907|4578697|APPROVAL|-5495655|13683723|2||5537011|1065032-104-AALIB|1|20200907|
4578696|20200907|4578696|APPROVAL|-5495654|13683724|3||5537012|1065032-104-AALIB|1|20200907|
4578695|20200907|4578695|APPROVAL|-5495653|13683725|3||5537013|1065032-104-AALIB|1|20200907|
4578694|20200907|4578694|APPROVAL|-5495652|13683726|2||5537014|1065032-104-AALIB|1|20200907|
4578693|20200907|4578693|APPROVAL|-5495651|13683727|2||5537015|1065032-104-AALIB|1|20200907|
4578692|20200907|4578692|APPROVAL|-5495650|13683728|3||5537016|1065032-104-AALIB|1|20200907|
4578704|20200907|4578704|APPROVAL|-5495662|13683729|2||5537017|1065032-104-AALIB|1|20200907|
4578691|20200907|4578691|APPROVAL|-5495649|13683730|2||5537018|1065087-109-AALIB|1|20200907|
4578690|20200907|4578690|APPROVAL|-5495648|13683731|3||5537019|1065032-104-AALIB|1|20200907|
4578689|20200907|4578689|APPROVAL|-5495647|13683732|2||5537020|1065032-104-AALIB|1|20200907|
4578715|20200907|4578715|APPROVAL|-5495673|13683733|3||5537021|1065032-104-AALIB|1|20200907|
4578714|20200907|4578714|APPROVAL|-5495672|13683734|2||5537022|1065032-104-AALIB|1|20200907|
4578713|20200907|4578713|APPROVAL|-5495671|13683735|2||5537023|1065032-104-AALIB|1|20200907|
4578712|20200907|4578712|APPROVAL|-5495670|13683736|3||5537024|1065032-104-AALIB|1|20200907|
4578716|20200907|4578716|APPROVAL|-5495674|13683737|3||5537025|1065087-102-AALIB|1|20200907|
4578710|20200907|4578710|APPROVAL|-5495668|13683738|3||5537026|1065032-104-AALIB|1|20200907|
4578709|20200907|4578709|APPROVAL|-5495667|13683739|2||5537027|1065032-104-AALIB|1|20200907|
4578708|20200907|4578708|APPROVAL|-5495666|13683740|2||5537028|1065032-104-AALIB|1|20200907|
4578707|20200907|4578707|APPROVAL|-5495665|13683741|2||5537029|1065032-104-AALIB|1|20200907|
4578706|20200907|4578706|APPROVAL|-5495664|13683742|2||5537030|1065032-104-KARHW|1|20200907|
4578705|20200907|4578705|APPROVAL|-5495663|13683743|2||5537031|1065032-104-AALIB|1|20200907|
4578711|20200907|4578711|APPROVAL|-5495669|13683744|3||5537032|1065087-102-AALIB|1|20200907|
4577042|20200826|4577042|SHIPPING|-5067548|8533921|1||5537151|1065084-101-AALIB|1|20200907|
4577042|20200826|4577042|SHIPPING|-5067548|8533921|1||5537164|1065084-101-AALIB|1|20200907|
4588561|20201027|4588561|FIRM|-5510693|13728317|1|RGT|5559974|1065090-101-KBAEB|1|20201027|
4588327|20201026|4588327|SHIPPING|-5091175|5480334|1||5560000|1065084-101-AALIB|1|20201028|
4571280|20101210|4571280|DATAB2|-5486603|8827045|1|nk|5560301|1065032-114-AALIB|1|20201028|
4588687|20201027|4588687|FIRM|-5510855|13728479|1||5560302|1026044-1-AABNN|1|20201027|
4588843|20201028|4588843|FIRM|-5511081|13728700|1||5560303|1026044-1-AABNN|1|20201028|
4562423|20141006|4562423|SUBSCRIPT|651453|468547|1||5560304|1065087-101-AALIB|1|20201028|
4543548|19970830|4543548|STANDING|862209|492960|8|CRP|5560307|1065032-120-AALIB|1|20201028|
4543333|19970830|4543333|STANDING|650455|462089|1|BLS|5560310|1065032-101-NAAUS|1|20201028|
4543417|19970830|4543417|STANDING|652723|475998|13|jem|5560313|1065087-104-KAURH|1|20201028|
4543417|19970830|4543417|STANDING|652723|475998|13|jem|5560316|1065087-104-KAURH|1|20201028|
4543417|19970830|4543417|STANDING|652723|475998|13|jem|5560319|1065087-104-KAURH|1|20201028|
4543091|19970830|4543091|STANDING|851486|362273|5||5560322|1065087-102-AALIB|1|20201028|
4559470|19970830|4559470|SUBSCRIPT|648752|410852|52||5560325|1065032-103-AALIB|1|20201028|
4559733|19970830|4559733|SUBSCRIPT|657556|495335|5||5560328|1065032-103-AALIB|1|20201028|
4543100|19970830|4543100|STANDING|645643|363020|1||5560331|1065032-103-AALIB|1|20201028|
4548315|20170810|4548315|STANDING|3200728|8550882|1|MVN|5560334|1065032-106-AALIB|1|20201028|
4543986|20010313|4543986|STANDING|1141568|4655520|2|ama|5560337|1065032-103-AALIB|1|20201028|
4543233|19970830|4543233|STANDING|1105080|13017625|2||5560340|1065032-103-AALIB|1|20201028|
4559959|19970830|4559959|SUBSCRIPT|664031|2881062|1||5560343|1065032-103-AALIB|1|20201028|
4559775|19970830|4559775|SUBSCRIPT|659035|679293|8||5560346|1065032-103-AALIB|1|20201028|
4546774|20090624|4546774|STANDING|-5461551|8077046|1|NAA|5560349|1065032-103-AALIB|1|20201028|
4560254|20031024|4560254|SUBSCRIPT|1652639|5508475|1|sbs|5560352|1065032-104-AALIB|1|20201028|
4543585|19970830|4543585|STANDING|863843|579641|37|hel|5560355|1065036-107-AALIB|1|20201028|
4543145|19970830|4543145|STANDING|1355234|375060|2||5560358|1065032-103-AALIB|1|20201028|
4548010|20150505|4548010|STANDING|2388440|457886|32||5560361|1065034-108-AALIB|1|20201028|
4544177|20020214|4544177|STANDING|1243170|4730281|1|HEL|5560364|1065036-107-AALIB|1|20201028|
4543889|19980723|4543889|STANDING|679459|2403856|23|HEL|5560367|1065032-103-AALIB|1|20201028|
4546221|20070208|4546221|STANDING|1602293|496710|10|WJW|5560370|1065034-108-AALIB|1|20201028|
4543424|19970830|4543424|STANDING|652950|477925|1||5560373|1065034-105-AALIB|1|20201028|
4543424|19970830|4543424|STANDING|652950|477925|1||5560376|1065034-105-AALIB|1|20201028|
4543107|19970830|4543107|STANDING|-5457808|364389|3||5560379|1065032-103-AALIB|1|20200822|
4543051|19970830|4543051|STANDING|644658|352083|25||5560383|1065032-103-AALIB|1|20201028|
4577043|20200826|4577043|SHIPPING|-5074670|8533921|1||5560386|1065084-101-AALIB|1|20201028|
4559970|19970830|4559970|SUBSCRIPT|2043003|4406129|19||5560388|1065087-103-AALIB|1|20201028|
4562564|20150326|4562564|SUBSCRIPT|4324211|361936|4|JRJ|5560391|1065036-110-AALIB|1|20201028|
4547501|20120810|4547501|STANDING|-5462289|9686117|1|NAA|5560394|1065032-103-AALIB|1|20200822|
4562622|20150421|4562622|SUBSCRIPT|1920068|5460314|1||5560398|1065089-103-AALIB|1|20201028|
4560210|20011018|4560210|SUBSCRIPT|1190367|367292|2|HEL|5560401|1065032-103-AALIB|1|20201028|
4561322|20060711|4561322|SUBSCRIPT|2218325|1975598|1|MVN|5560404|1065032-106-AALIB|1|20201028|
4559323|19970830|4559323|SUBSCRIPT|646229|368239|43||5560407|1065087-101-AALIB|1|20201028|
4562993|20200709|4562993|SUBSCRIPT|-5478147|12900238|2|KMS|5560410|1065032-103-AALIB|1|20201028|
4559453|19970830|4559453|SUBSCRIPT|648144|404258|2||5560413|1065087-110-AALIB|1|20201028|
4547990|20150429|4547990|STANDING|2394220|354213|225||5560416|1065032-101-NAAUS|1|20201028|
4547998|20150429|4547998|STANDING|648495|407742|15||5560419|1065034-103-AALIB|1|20201028|
4562646|20150505|4562646|SUBSCRIPT|676746|446170|92||5560422|1065034-108-AALIB|1|20201028|
4548016|20150505|4548016|STANDING|1120569|4711974|1||5560425|1065034-108-AALIB|1|20201028|
4559394|19970830|4559394|SUBSCRIPT|647678|397759|161||5560428|1065087-110-AALIB|1|20201028|
4546221|20070208|4546221|STANDING|1602293|496710|10|WJW|5560431|1065034-108-AALIB|1|20201028|
4559590|19970830|4559590|SUBSCRIPT|653229|479987|24||5560434|1065032-103-AALIB|1|20201028|
4562534|20150318|4562534|SUBSCRIPT|2386351|380636|60||5560437|1065031-111-AALIB|1|20201028|
4577043|20200826|4577043|SHIPPING|-5074670|8533921|1||5560440|1065084-101-AALIB|1|20201028|
4547823|20140429|4547823|STANDING|-5462614|10456639|1|KAF|5560442|1065032-110-AALIB|1|20201028|
4562393|20140512|4562393|TERMSET|-5477537|11831617|1|RMK|5560445|1065031-116-KAQZQ|1|20201028|
4547169|20100319|4547169|STANDING|-5461947|8502520|22|NAA|5560448|1065032-103-AALIB|1|20201028|
4580533|20200918|4580533|TERMSET|-5498605|13701976|1|AML|5560451|1065087-101-AALIB|1|20201028|
4562901|20180925|4562901|TERMSET|-5478055|11855354|2|KMS|5560454|1065032-103-AALIB|1|20201028|
4577043|20200826|4577043|SHIPPING|-5074670|8533921|1||5560457|1065084-101-AALIB|1|20201028|
4562924|20190111|4562924|TERMSET|-5478078|12871903|1|JMC|5560459|1065087-105-AALIB|1|20201028|
4561930|20051115|4561930|TERMSET|-5477063|583518|1|clm|5560462|1065082-105-AALIB|1|20201028|
4561930|20051115|4561930|TERMSET|-5477063|583518|1|clm|5560465|1065082-105-AALIB|1|20201028|
4547494|20120703|4547494|STANDING|-5462281|9638921|1|NAA|5560468|1065032-103-AALIB|1|20201028|
4547629|20121205|4547629|STANDING|-5462419|6331686|2|NAA|5560471|1065032-103-AALIB|1|20201028|
4577043|20200826|4577043|SHIPPING|-5074670|8533921|1||5560474|1065084-101-AALIB|1|20201028|
4580535|20200918|4580535|TERMSET|-5498607|13701979|1|AML|5560476|1065087-101-AALIB|1|20201028|
4533776|20180711|4533776|FIRM|-5448352|12701193|1|KMS|5560479|1065032-103-AALIB|1|20200822|
4577043|20200826|4577043|SHIPPING|-5074670|8533921|1||5560482|1065084-101-AALIB|1|20201028|
4543039|19970830|4543039|STANDING|3746854|13708188|1||5560484|1065087-109-AALIB|1|20200929|
4561410|20090811|4561410|SUBSCRIPT|670231|3428866|3|KMS|5560489|1065032-103-AALIB|1|20201028|
4544168|20011108|4544168|STANDING|1199304|352181|6|JMC|5560492|1065087-105-AALIB|1|20201028|
4559429|19970830|4559429|SUBSCRIPT|648010|401091|1||5560495|1065032-103-AALIB|1|20201028|
4543583|19970830|4543583|STANDING|658455|577947|3|JEM|5560498|1065087-102-AALIB|1|20201028|
4549484|20200720|4549484|STANDING|-5464289|353645|1||5560501|1065032-103-AALIB|1|20201028|
4548289|20170424|4548289|STANDING|4857307|11980022|2|JC|5560504|1065032-112-AALIB|1|20201028|
4560437|20051005|4560437|SUBSCRIPT|860112|486772|1||5560507|1065032-101-NAAUS|1|20201028|
4546336|20070911|4546336|STANDING|851196|359464|10||5560510|1065032-103-AALIB|1|20201028|
4543088|19970830|4543088|STANDING|645587|13725926|1||5560513|1065032-103-AALIB|1|20201022|
4559292|19970830|4559292|SUBSCRIPT|851509|362429|116||5560518|1065032-103-AALIB|1|20201028|
4562997|20200716|4562997|SUBSCRIPT|-5478151|366819|3||5560521|1065032-103-AALIB|1|20201028|
4547980|20150423|4547980|STANDING|657165|494025|17||5560524|1065032-116-AALIB|1|20201028|
4547239|20100915|4547239|STANDING|3353162|8715526|1|CRP|5560527|1065032-120-AALIB|1|20201028|
4543888|19980717|4543888|STANDING|679422|3917564|1|HEL|5560530|1065032-103-AALIB|1|20201028|
4543591|19970830|4543591|STANDING|658648|592302|1||5560532|1065032-105-AALIB|1|20201028|
4543886|19980708|4543886|STANDING|679328|398540|1|JEM|5560535|1065087-102-AALIB|1|20201028|
4560225|20020502|4560225|SUBSCRIPT|1396833|4405673|2|kms|5560538|1065032-103-AALIB|1|20201028|
4577043|20200826|4577043|SHIPPING|-5074670|8533921|1||5560541|1065084-101-AALIB|1|20201028|
4544168|20011108|4544168|STANDING|1199304|352181|6|JMC|5560543|1065087-105-AALIB|1|20201028|
4559583|19970830|4559583|SUBSCRIPT|653029|478298|52||5560546|1065032-103-AALIB|1|20201028|
4562587|20150402|4562587|SUBSCRIPT|4327803|485966|2|BLS|5560549|1065032-101-NAAUS|1|20201028|
4544035|20011003|4544035|STANDING|-5458784|467166|1|MJP|5560552|1065032-104-AALIB|1|20201028|
4559532|19970830|4559532|SUBSCRIPT|2510411|466737|9|DVK|5560555|1065087-101-AALIB|1|20201028|
4546446|20080423|4546446|STANDING|2679869|7517080|1|DVK|5560558|1065087-101-AALIB|1|20201028|
4562670|20150625|4562670|SUBSCRIPT|2386367|5351149|1||5560561|1065031-111-AALIB|1|20201028|
4560042|19970830|4560042|SUBSCRIPT|674620|3393038|6|HEL|5560564|1065032-103-AALIB|1|20201028|
4559482|19970830|4559482|SUBSCRIPT|649342|445928|46||5560567|1065087-105-AALIB|1|20201028|
4561344|20070328|4561344|SUBSCRIPT|2403176|6777473|1|MMM|5560570|1065087-110-AALIB|1|20201028|
4543135|19970830|4543135|STANDING|852309|371197|22||5560573|1065034-105-AALIB|1|20201028|
4543393|19970830|4543393|STANDING|651698|469952|1|JKS|5560576|1065089-103-AALIB|1|20201028|
4560063|19971209|4560063|SUBSCRIPT|677733|3308793|1|HEL|5560579|1065032-103-AALIB|1|20201028|
4559601|19970830|4559601|SUBSCRIPT|653699|483793|1|adr|5560582|1065087-101-AALIB|1|20201028|
4549489|20200720|4549489|STANDING|-5464294|398037|6||5560585|1065087-101-AALIB|1|20201028|
4560231|20020729|4560231|SUBSCRIPT|647699|5661536|1|HEL|5560588|1065087-110-AALIB|1|20200917|
4577043|20200826|4577043|SHIPPING|-5074670|8533921|1||5560592|1065084-101-AALIB|1|20201028|
4562429|20141203|4562429|SUBSCRIPT|675578|472549|30|ctm|5560594|1065031-111-AALIB|1|20201028|
4547960|20150402|4547960|STANDING|4327866|364861|77|ctm|5560597|1065031-111-AALIB|1|20201028|
4545801|20060118|4545801|STANDING|2138855|365963|22|MVN|5560600|1065032-106-AALIB|1|20201028|
4519311|20010118|4519311|STANDING|4166393|10268142|1||5560603|1026058-1-AABNN|1|20201028|
4519311|20010118|4519311|STANDING|4166393|10268142|1||5560607|1026058-1-AABNN|1|20201028|
4521650|20001015|4521650|STANDING|2479295|12827282|1||5560613|1026058-1-AABNN|1|20201028|
4521650|20001015|4521650|STANDING|2479295|12827282|1||5560617|1026058-1-AABNN|1|20201028|
4519624|20160120|4519624|STANDING|4516423|11546081|1||5560622|1026058-1-AABNN|1|20201028|
4519624|20160120|4519624|STANDING|4516423|11546081|1||5560626|1026058-1-AABNN|1|20201028|
4576346|20200824|4576346|SHIPPING|-5083455|5480334|1||5560629|1065084-101-AALIB|1|20201028|
4575152|20191009|4575152|DATAB2|-5490549|9232578|2|agc|5560643|1065031-114-AALIB|1|20201029|
4575152|20191009|4575152|DATAB2|-5490549|9232578|2|agc|5560643|1065032-105-AALIB|1|20201029|
4550229|20081105|4550229|STANDING|2868322|7755640|1|KAR|5560649|1065032-106-AALIB|1|20201026|
4534232|20171113|4534232|FIRM|-5448808|12212800|1|MVN|5560652|1065032-106-AALIB|1|20200822|
4578902|20200909|4578902|SHIPPING|-5081227|5480247|1||5560655|1065084-101-AALIB|1|20201029|
4564371|20161020|4564371|TERMSET|-5479548|11854681|1|MVN|5560656|1065032-106-AALIB|1|20201026|
4578902|20200909|4578902|SHIPPING|-5081227|5480247|1||5560659|1065084-101-AALIB|1|20201029|
4587402|20201020|4587402|FIRM|-5509116|13725130|1|BLS|5560661|1065032-101-NAAUS|1|20201020|
4587404|20201020|4587404|FIRM|-5509118|13725132|1|BLS|5560664|1065032-101-NAAUS|1|20201020|
4589078|20201029|4589078|SHIPPING|-5067548|8533921|1||5560667|1065084-101-AALIB|1|20201029|
4581304|20200922|4581304|EBOOK1|-5500907|13704987|2|SAF|5560668|1065031-123-AALIB|1|20200922|
4588490|20201027|4588490|EBOOK1|-5510605|13728201|1|MLN|5560669|1065089-101-AALIB|1|20201027|
4588491|20201027|4588491|EBOOK1|-5510606|13728202|1|MLN|5560670|1065089-101-AALIB|1|20201027|
4588488|20201027|4588488|EBOOK1|-5510603|13728199|1|MLN|5560671|1065089-101-AALIB|1|20201027|
4588494|20201027|4588494|EBOOK1|-5510609|13728205|1|JC|5560672|1065087-110-KAQHV|1|20201027|
4588495|20201027|4588495|EBOOK1|-5510610|13728206|1|KK|5560673|1065034-104-KASZV|1|20201027|
4589079|20201029|4589079|EAPPROVAL|-5511470|13728898|1||5560674|1065031-105-KBADW|1|20201029|
4588498|20201027|4588498|EBOOK1|-5510613|13728209|1|KK|5560675|1065034-104-KAQJN|1|20201027|
4588496|20201027|4588496|EBOOK1|-5510611|13728207|1|KK|5560676|1065034-104-KAQHN|1|20201027|
4588493|20201027|4588493|EBOOK1|-5510608|13728204|1|MLN|5560677|1065089-101-AALIB|1|20201027|
4587610|20201022|4587610|EBOOK1|-5509448|13725994|1|RHW|5560678|1065032-116-KAQKA|1|20201022|
4587611|20201022|4587611|EBOOK1|-5509449|13725995|1|DVK|5560679|1065087-101-AALIB|1|20201022|
4588492|20201027|4588492|EBOOK1|-5510607|13728203|1|MLN|5560680|1065089-101-AALIB|1|20201027|
4588489|20201027|4588489|EBOOK1|-5510604|13728200|1|MLN|5560681|1065089-101-AALIB|1|20201027|
4525454|20200803|4525454|FIRM|-5440030|13653089|1||5560682|1026080-1-AABNN|1|20200821|
4525453|20200803|4525453|FIRM|-5440029|13653078|1||5560683|1026080-1-AABNN|1|20200821|
4588388|20201026|4588388|VISUAL|-5510489|13728055|1|BLS|5560684|1065032-101-NAAUS|1|20201026|
4587746|20201022|4587746|VISUAL|-5509603|13726301|1|HEL|5560685|1065082-102-AALIB|1|20201022|
4587737|20201022|4587737|VISUAL|-5509594|13726296|1|HEL|5560686|1065082-102-AALIB|1|20201022|
4525420|20200706|4525420|FIRM|-5439996|13630940|1||5560687|1026080-1-AABNN|1|20200821|
4525421|20200707|4525421|FIRM|-5439997|13631593|1||5560688|1026080-1-AABNN|1|20200821|
4534258|20200721|4534258|FIRM|-5448834|13638941|1|KMC|5560689|1065032-125-AALIB|1|20200822|
4534259|20200721|4534259|FIRM|-5448835|13638942|2|KMC|5560692|1065032-125-AALIB|1|20200822|
4534265|20200722|4534265|FIRM|-5448841|13639041|1|KMC|5560695|1065032-125-AALIB|1|20200822|
4534266|20200722|4534266|FIRM|-5448842|13639042|1|KMC|5560698|1065032-125-AALIB|1|20200822|
4534267|20200722|4534267|FIRM|-5448843|13639043|1|KMC|5560701|1065032-125-AALIB|1|20200822|
4534268|20200722|4534268|FIRM|-5448844|13639044|1|KMC|5560704|1065032-125-AALIB|1|20200822|
4534271|20200722|4534271|FIRM|-5448847|13639049|1|KMC|5560707|1065032-125-AALIB|1|20200822|
4534274|20200722|4534274|FIRM|-5448850|13639054|2|KMC|5560710|1065032-125-AALIB|1|20200822|
4534276|20200722|4534276|FIRM|-5448852|13639058|1|KMC|5560713|1065032-125-AALIB|1|20200822|
4534277|20200722|4534277|FIRM|-5448853|13639059|1|KMC|5560716|1065032-125-AALIB|1|20200822|
4534278|20200722|4534278|FIRM|-5448854|13639062|1|KMC|5560719|1065032-125-AALIB|1|20200822|
4534280|20200722|4534280|FIRM|-5448856|13639067|2|KMC|5560722|1065032-125-AALIB|1|20200822|
4534282|20200722|4534282|FIRM|-5448858|13639069|1|KMC|5560725|1065032-125-AALIB|1|20200822|
4534286|20200722|4534286|FIRM|-5448862|13639084|1|KMC|5560728|1065032-125-AALIB|1|20200822|
4534287|20200722|4534287|FIRM|-5448863|13639087|2|KMC|5560731|1065032-125-AALIB|1|20200822|
4525422|20200722|4525422|FIRM|-5439998|13637542|1||5560742|1026080-1-AABNN|1|20200821|
4534289|20200722|4534289|FIRM|-5448865|13639090|2|KMC|5560743|1065032-125-AALIB|1|20200822|
4534290|20200722|4534290|FIRM|-5448866|13639130|2|KMC|5560746|1065032-125-AALIB|1|20200822|
4534291|20200722|4534291|FIRM|-5448867|13639131|1|KMC|5560749|1065032-125-AALIB|1|20200822|
4534292|20200722|4534292|FIRM|-5448868|13639132|2|KMC|5560752|1065032-125-AALIB|1|20200822|
4525424|20200722|4525424|FIRM|-5440000|13637541|1||5560755|1026080-1-AABNN|1|20200821|
4534297|20200722|4534297|FIRM|-5448873|13639140|1|KMC|5560756|1065032-125-AALIB|1|20200822|
4534298|20200722|4534298|FIRM|-5448874|13639141|1|KMC|5560759|1065032-125-AALIB|1|20200822|
4589095|20201029|4589095|SHIPPING|-5081801|5480338|1||5560762|1065084-101-AALIB|1|20201029|
4589100|20201029|4589100|COVID19APP|-5511494|13729112|2||5560763|1065032-110-AALIB|1|20201029|
4578058|20200902|4578058|SHIPPING|-5087114|5480341|1||5560766|1065084-101-AALIB|1|20201029|
4534257|20190710|4534257|FIRM|-5448833|13294775|1|KMC|5560769|1065032-125-AALIB|1|20200822|
4564886|20200721|4564886|TERMSET|-5480097|13465480|1|KMC|5560772|1065032-125-AALIB|1|20201013|
4534263|20200722|4534263|FIRM|-5448839|13639039|1|KMC|5560778|1065032-125-AALIB|1|20200822|
4534264|20200722|4534264|FIRM|-5448840|13639040|1|KMC|5560781|1065032-125-AALIB|1|20200822|
4534269|20200722|4534269|FIRM|-5448845|13639046|2|KMC|5560784|1065032-125-AALIB|1|20200822|
4534270|20200722|4534270|FIRM|-5448846|13639048|1|KMC|5560787|1065032-125-AALIB|1|20200822|
4534272|20200722|4534272|FIRM|-5448848|13639051|2|KMC|5560790|1065032-125-AALIB|1|20200822|
4534273|20200722|4534273|FIRM|-5448849|13639053|2|KMC|5560793|1065032-125-AALIB|1|20200822|
4534275|20200722|4534275|FIRM|-5448851|13639055|2|KMC|5560796|1065032-125-AALIB|1|20200822|
4534279|20200722|4534279|FIRM|-5448855|13639066|1|KMC|5560799|1065032-125-AALIB|1|20200822|
4534284|20200722|4534284|FIRM|-5448860|13639079|1|KMC|5560806|1065032-125-AALIB|1|20200822|
4534285|20200722|4534285|FIRM|-5448861|13639081|2|KMC|5560809|1065032-125-AALIB|1|20200822|
4534288|20200722|4534288|FIRM|-5448864|13639089|2|KMC|5560812|1065032-125-AALIB|1|20200822|
4534295|20200722|4534295|FIRM|-5448871|13639136|2|KMC|5560815|1065032-125-AALIB|1|20200822|
4521315|20170203|4521315|SUBSCRIPT|-5435866|11925296|1||5560819|1026055-1-AABNN|1|20201029|
4588949|20201028|4588949|FIRM|-5511326|13728835|1||5560820|1026044-1-AABNN|1|20201028|
4589095|20201029|4589095|SHIPPING|-5081801|5480338|1||5560821|1065084-101-AALIB|1|20201029|
4525451|20200723|4525451|FIRM|-5440027|13638544|1||5560822|1026080-1-AABNN|1|20200821|
4525448|20200722|4525448|FIRM|-5440024|13638354|1||5560825|1026080-1-AABNN|1|20200821|
4525449|20200722|4525449|FIRM|-5440025|13638353|1||5560826|1026080-1-AABNN|1|20200821|
4525450|20200722|4525450|FIRM|-5440026|13638352|1||5560827|1026080-1-AABNN|1|20200821|
4525452|20200723|4525452|FIRM|-5440028|13638543|1||5560828|1026080-1-AABNN|1|20200821|
4525459|20200817|4525459|FIRM|-5440035|13675887|1||5560829|1026071-1-AABNN|1|20200821|
4525460|20200817|4525460|FIRM|-5440036|13675930|1||5560830|1026071-1-AABNN|1|20200821|
4525461|20200817|4525461|FIRM|-5440037|13675931|1||5560831|1026071-1-AABNN|1|20200821|
4524852|20200817|4524852|FIRM|-5439426|13675980|1||5560832|1026071-1-AABNN|1|20200821|
4525462|20200818|4525462|FIRM|-5440038|13676642|1||5560833|1026071-1-AABNN|1|20200821|
4577279|20200828|4577279|FIRM|-5493795|13680217|1||5560834|1026071-1-AABNN|1|20200828|
4534260|20200721|4534260|FIRM|-5448836|13638944|1|KMC|5560837|1065032-125-AALIB|1|20200822|
4534261|20200721|4534261|FIRM|-5448837|13638946|2|KMC|5560840|1065032-125-AALIB|1|20200822|
4534283|20200722|4534283|FIRM|-5448859|13639070|1|KMC|5560842|1065032-125-AALIB|1|20200822|
4564887|20200722|4564887|TERMSET|-5480098|13639088|2|KMC|5560845|1065032-125-AALIB|1|20201019|
4564888|20200722|4564888|TERMSET|-5480099|10646513|1|KMC|5560847|1065032-125-AALIB|1|20201019|
4534293|20200722|4534293|FIRM|-5448869|13639133|2|KMC|5560849|1065032-125-AALIB|1|20200822|
4534294|20200722|4534294|FIRM|-5448870|13639134|2|KMC|5560852|1065032-125-AALIB|1|20200822|
4534296|20200722|4534296|FIRM|-5448872|13639138|2|KMC|5560855|1065032-125-AALIB|1|20200822|
4589095|20201029|4589095|SHIPPING|-5081801|5480338|1||5560858|1065084-101-AALIB|1|20201029|
4534262|20200722|4534262|FIRM|-5448838|13639031|1|KMC|5560859|1065032-125-AALIB|1|20200822|
4534281|20200722|4534281|FIRM|-5448857|13639068|1|KMC|5560862|1065032-125-AALIB|1|20200822|
4558970|20041202|4558970|SUBSCRIPT|876712|486643|67|agc|5560865|1065032-109-AALIB|1|20201029|
4578644|20200906|4578644|SHIPPING|-5071758|5480247|1||5560868|1065084-101-AALIB|1|20201029|
